1.339101490032649187e-02
1.684626599134048108e-01
3.142757859386964836e-01
2.182844369728627332e-01
4.403423320271861452e-01
2.253642948989489914e-01
3.966952453221992414e-01
5.567581931411257345e-01
7.101978721414952123e-01
6.316618524853702121e-01
7.672018921187510054e-01
5.186755754049394707e-01
8.033709164174557271e-01
9.969489692550885795e-01
8.368506589367096238e-01
9.074494011876923505e-01
9.012888547669478667e-01
9.132332489607598580e-01
9.264227337693445863e-01
8.602978570588596385e-01
8.830096526140523983e-01
8.191212254308177787e-01
8.611484167233749432e-01
8.524793613187074959e-01
6.521217899859971245e-01
8.134024239173074378e-01
7.336241102930803892e-01
7.951265755699497007e-01
8.187948401740781090e-01
7.268409047342894169e-01
6.640744591623853887e-01
7.920095770383136502e-01
7.250789997362758754e-01
8.614048410840646763e-01
6.689801850520750159e-01
5.653378038914905757e-01
8.026386959341541560e-01
6.191811570096310557e-01
6.480003438587750297e-01
7.992287434161086113e-01
9.712016061420233326e-01
1.004664981912482657e+00
9.670501656175870542e-01
8.808504270109603906e-01
9.394322140575109836e-01
7.700297042796172553e-01
9.226052013208685398e-01
8.526920806212735515e-01
9.079433138277138715e-01
8.321629005348284425e-01
6.611344416044516725e-01
7.092809489056195460e-01
7.406612678243211789e-01
9.524930652049122815e-01
8.349265000402988912e-01
7.377136110884885412e-01
8.318799181302600765e-01
7.783418981228449329e-01
8.055315315465939596e-01
6.859190268651546019e-01
7.242099463892185396e-01
6.502679167968243856e-01
6.126953972819094707e-01
9.477573293138638055e-01
5.793457383564407648e-01
8.091214610119519257e-01
6.779187058187663428e-01
7.715675240974576576e-01
6.574020157228335215e-01
8.607707698091516813e-01
6.290191645553819821e-01
7.560261696919601260e-01
8.165566371296685277e-01
8.739127599881574282e-01
7.124229623869084982e-01
7.308183075190296529e-01
7.885394471669658900e-01
7.856507389529212571e-01
8.179700247317504003e-01
9.473434190096365892e-01
1.139214833986011088e+00
9.482455833604220841e-01
1.006394210351287954e+00
8.542673318979320252e-01
1.029203504373346512e+00
5.455950619477754060e-01
9.707954620360019771e-01
9.558520538944327294e-01
7.952484340352851122e-01
6.712001163387427694e-01
4.933003912912108380e-01
4.935137717925843770e-01
7.073634484811276435e-01
8.229874746768044425e-01
7.007732552210734767e-01
5.964602478214781067e-01
7.414421852064466689e-01
7.350667660886066601e-01
7.227332910513315500e-01
5.315205326403610320e-01
7.269766253378334708e-01
7.882921779365733572e-01
8.193515880277506547e-01
1.072044000380336648e+00
9.968826088583093714e-01
6.925510979617555130e-01
8.015167995318543959e-01
8.103791271290410325e-01
8.928537846955093560e-01
8.471533851236816570e-01
1.071794890770749520e+00
8.546383541012986251e-01
9.485722751845159229e-01
9.382781303507947701e-01
8.219489396909204215e-01
8.859138135093329591e-01
8.283835308296110256e-01
7.726793756685590431e-01
6.727481365001838354e-01
7.025468640345596816e-01
7.254084938894006518e-01
2.948096222462829874e-01
3.447086120863639414e-01
1.765916062523927299e-01
1.320749420451302614e-01
2.787515754997409861e-02
-1.497833045134402130e-01
-3.342721300510610449e-01
-3.674710773456766888e-01
-3.260563751978425850e-01
-5.894770371419869592e-01
-4.984628360501611732e-01
-4.977025040805372891e-01
-7.334887718062078621e-01
-7.868621340146322307e-01
-7.496875165758254411e-01
-7.883766857869517475e-01
-9.525124723372578872e-01
-9.325757230392368591e-01
-9.533444584494860097e-01
-6.473065267722160065e-01
-1.023278404041500611e+00
-7.294586220040484292e-01
-1.016430991507093262e+00
-9.657038707265519495e-01
-9.087407615785181303e-01
-6.015468287832101968e-01
-9.248633470248888155e-01
-9.310438142825303576e-01
-8.886951998871116531e-01
-6.568759908855872354e-01
-9.024695806125229147e-01
-7.568052816674099015e-01
-6.618512083347584118e-01
-7.814690581515109091e-01
-6.700804502050861089e-01
-6.683658154930381956e-01
-5.981879295041693245e-01
-7.097390616990280066e-01
-5.465495250558665141e-01
-7.586047270365755546e-01
-8.576155566196186353e-01
-6.663881714609998230e-01
-6.527011715744267528e-01
-7.578366617609582079e-01
-9.075698765634272469e-01
-8.022726765288095141e-01
-8.931304426650383821e-01
-7.819139499718276154e-01
-8.083156589056141872e-01
-8.208595645926278772e-01
-9.456298702514885912e-01
-8.825433777907915056e-01
-7.002092934388036705e-01
-7.501130070634861591e-01
-9.693089308649118774e-01
-7.325788174560733390e-01
-8.097116704569924384e-01
-1.013878659932783366e+00
-8.542860336243817132e-01
-8.092924014499511820e-01
-7.818102411000195096e-01
-7.056644737716262217e-01
-8.112113402369086623e-01
-5.918390099174648533e-01
-7.016950776637110865e-01
-7.663738549804741673e-01
-8.226562262361460931e-01
-7.978416648722199689e-01
-5.773768010041251397e-01
-7.653442855349351648e-01
-8.042144111862947753e-01
-7.247159699163435720e-01
-6.666859052527763785e-01
-8.759656385179669380e-01
-7.450708592680015396e-01
-7.267337387336424426e-01
-9.374906484377317772e-01
-7.892230971213959334e-01
-8.196636207403465990e-01
-8.094721059945239050e-01
-8.086777884381332049e-01
-7.644632387229903792e-01
-9.378657088004870301e-01
-7.179771867134581154e-01
-7.015011357047283846e-01
-7.437534756708473749e-01
-9.744375359676378245e-01
-7.267922582540238263e-01
-9.058971917595030066e-01
-8.388288244360746493e-01
-8.697698830357163402e-01
-7.706775383905281052e-01
-9.829926993183809580e-01
-7.443120875297672967e-01
-8.805677229313783050e-01
-7.368995031074714319e-01
-9.699975748108737861e-01
-8.306689301144526416e-01
-6.767659404260434330e-01
-4.516004225550954709e-01
-5.986231094861278468e-01
-7.489904194499678036e-01
-7.255709954729185895e-01
-7.421036128184440583e-01
-6.570200334667490871e-01
-6.743093304528682275e-01
-8.713819359823543609e-01
-7.925268889545213913e-01
-9.090240071898749719e-01
-7.860569912195278786e-01
-8.306142003057293000e-01
-8.552036531882883930e-01
-8.061966958690586216e-01
-1.043096232367806131e+00
-1.093297404372830961e+00
-9.348861435392537000e-01
-8.863183108164399693e-01
-6.669840587549543676e-01
-8.255275912440818153e-01
-8.856852046319660943e-01
-8.732321572605302729e-01
-6.568789370851511045e-01
-5.727912059948853107e-01
-6.443574601752305453e-01
-5.824389053059413346e-01
-5.924365790668516540e-01
-3.439811908855702205e-01
-1.270076740438603469e-01
-1.683095279097930330e-01
-5.977745124510717295e-02
2.165444758041396023e-01
4.277518202670770320e-01
4.030811243447883219e-01
5.132441340780882211e-01
5.007733247750435490e-01
6.356894969844679721e-01
5.103712395886720321e-01
5.481420302705068970e-01
6.341503571745260581e-01
5.893187843078924182e-01
7.911923455073605060e-01
8.419482383716770935e-01
7.398409406062793625e-01
8.062536544411246231e-01
9.509827415429329411e-01
1.002200652314768625e+00
1.036024599747643160e+00
9.656164767969218632e-01
9.204160676746361291e-01
8.959468713430318587e-01
7.827669952259429520e-01
6.799503517311911160e-01
6.950742181965338107e-01
6.106078407164837740e-01
8.828351563653203948e-01
7.985649992160136490e-01
6.787810855406940513e-01
6.268771963236369205e-01
5.522596926037310894e-01
7.762094002098287593e-01
5.431789521294974055e-01
7.450747774981953953e-01
7.707694823905225645e-01
9.737561882169556426e-01
8.238034924541719484e-01
9.573673107217948175e-01
9.958338646191335908e-01
7.174853787442374564e-01
6.596080324078210655e-01
7.675565263118521164e-01
8.336620239934839915e-01
7.337372344160063564e-01
9.240410058102710433e-01
8.692946638217942112e-01
8.037133403078251526e-01
8.527063244719156332e-01
8.506465089976863458e-01
7.915558687088973810e-01
7.860790257885349464e-01
7.330387673337842580e-01
7.241240073473023120e-01
9.071316031611572628e-01
6.761634703533540014e-01
1.080143729170090605e+00
6.191537071055686070e-01
6.914889307734366497e-01
6.817573609535598766e-01
8.236472899759713640e-01
5.695125554241859955e-01
5.805633287831110101e-01
7.177168927554956612e-01
4.909064585399970371e-01
8.385192384373744146e-01
6.898252009102008309e-01
8.478595011792513514e-01
7.652588466732250794e-01
6.038168360101558996e-01
6.771830888696419581e-01
7.148998950484488635e-01
7.225916775587192253e-01
8.792585800188993383e-01
7.652798686919398685e-01
9.313601293141786641e-01
5.867183781944429466e-01
9.994928849351951694e-01
8.675648540305322953e-01
1.003523172893727944e+00
7.650688964896017463e-01
8.586969425094552744e-01
8.044255192674548693e-01
8.884526513606512133e-01
7.614097135639431579e-01
7.932037006542413948e-01
7.423973857866711379e-01
1.007986309493205557e+00
7.302679611861055964e-01
8.359469374583755608e-01
6.896557478129318186e-01
8.978050931912788801e-01
7.498761400737572469e-01
6.370403743566024346e-01
4.858908146613827306e-01
6.537725793641098182e-01
6.606238775174977373e-01
6.223949555059404837e-01
6.739853533567738975e-01
6.107270995160269944e-01
7.852500489774034698e-01
8.035273962218854038e-01
7.774634049455142470e-01
8.359648942037042341e-01
7.264666133265695880e-01
8.813921419702985816e-01
9.597526146257360224e-01
9.213928201532373130e-01
8.731901581101441101e-01
7.892545567313826727e-01
9.467959528174119122e-01
6.884512732181746753e-01
9.667351459801097890e-01
9.089516675848184901e-01
8.978439921514935751e-01
1.029639052693315682e+00
9.866707521214297394e-01
7.532329728754155740e-01
8.005238793248713458e-01
7.420189689793752486e-01
7.480067252057777116e-01
5.412685948727682383e-01
5.471850287812820568e-01
4.580901440831716132e-01
2.967685284879671426e-01
2.541253498705929870e-01
6.081353853712045260e-02
-1.610904796765841862e-01
-2.795290175680023581e-01
-2.528398481925221430e-01
-9.755624717800634449e-02
-5.191918674882268769e-01
-7.494111266354988032e-01
-8.305828902542713443e-01
-7.254179064039757430e-01
-6.788479740902410020e-01
-1.006441096450498396e+00
-8.465221250789144447e-01
-8.867491733412925514e-01
-8.844435641419982064e-01
-9.273203508440047704e-01
-8.505019488339425893e-01
-8.651494820126928165e-01
-9.969644034552082035e-01
-7.733431417047577083e-01
-1.060232890076435064e+00
-1.063343058620422443e+00
-7.156215109221784054e-01
-8.032048055052817270e-01
-8.270040751038104654e-01
-5.606276891279815544e-01
-7.005949761090858319e-01
-7.498317234626052930e-01
-7.182001904874469878e-01
-6.699741556288463240e-01
-6.110000022009602905e-01
-5.326705236540129063e-01
-7.003292319743866789e-01
-6.929588877771165611e-01
-7.242198217888383693e-01
-9.360251340007783583e-01
-8.925758411027456818e-01
-7.555475147656598445e-01
-8.536027438539578460e-01
-4.180909470597305999e-01
-9.650249370375526548e-01
-6.508019810434932939e-01
-7.029753791078543479e-01
-7.837370095498640277e-01
-8.174411436775868012e-01
-8.937878200340613200e-01
-8.034279599274187778e-01
-1.025912610285576676e+00
-7.512861916365346504e-01
-6.820498689399731029e-01
-7.659644995376233556e-01
-8.440345001853624129e-01
-7.776528001835436577e-01
-8.376488372377770553e-01
-9.501398606199368269e-01
-6.847185340262806896e-01
-8.469039693157082160e-01
-8.042997770859638962e-01
-8.382251470367398927e-01
-7.052672596718742026e-01
-7.875614462944634520e-01
-8.251732140468591714e-01
-6.935074549396720300e-01
-8.880699397457022526e-01
-7.630152427603031917e-01
-5.764852766740977685e-01
-5.467141554192355146e-01
-8.033040965850786197e-01
-7.044038534616361424e-01
-9.275757589227818789e-01
-9.678428592296307587e-01
-9.145065699816664617e-01
-7.689269221934365017e-01
-7.203389904206990435e-01
-8.004784528771038410e-01
-8.146581904920735528e-01
-8.588354994643602192e-01
-8.157857865638887818e-01
-8.762163839150899358e-01
-8.479399466878051461e-01
-7.519025083520867181e-01
-7.879951759310270809e-01
-8.203830752418377337e-01
-1.003989798821602664e+00
-4.456485061130114889e-01
-7.643530508063145490e-01
-9.587080057631306440e-01
-9.656837753290076209e-01
-8.144890879118660276e-01
-7.694879072153562038e-01
-5.743729050673320735e-01
-8.879266258285054558e-01
-7.545696568188514641e-01
-6.735324363900311306e-01
-7.486591257385700748e-01
-6.952584475879731718e-01
-9.216930058221488586e-01
-4.948010099086709856e-01
-7.126892732534845232e-01
-7.733413539682207904e-01
-7.974361692096778587e-01
-8.424039062269805811e-01
-8.403617850593724237e-01
-9.102091420707546510e-01
-7.280935360152829272e-01
-7.889362739249246026e-01
-6.539671899718932924e-01
-9.248897455519722310e-01
-6.060141990957919056e-01
-8.364781669902904282e-01
-1.038189447053525338e+00
-8.185918093377655413e-01
-9.329117638098520793e-01
-9.522635714536116236e-01
-9.153784409972309799e-01
-9.714029542115588667e-01
-7.391766773421286629e-01
-9.072870345350766419e-01
-6.639480421390039355e-01
-6.607937618755861386e-01
-5.733916263408239677e-01
-4.620990116492707522e-01
-4.472339019656441650e-01
-3.502996269602391965e-01
-3.244106341262733006e-01
-1.789361490478139083e-01
-1.539986081106511917e-02
